-0.099833 0.099833 0.29552 0.47943 0.64422 0.78333 0.89121 0.96356 0.99749 0.99166 0.9463 0.86321 0.74571 0.59847 0.42738 0.23925 0.041581 -0.15775 -0.35078 -0.52984 -0.68777 -0.81828 -0.91617 -0.97753 -0.99992 -0.98245 -0.92581 -0.83227 -0.70554 -0.55069 -0.37388 -0.18216 0.016814 0.21512 0.40485 0.57844 0.72897 0.85044 0.938 0.98817 0.99894 0.96989
-0.099833 0.099833 0.29552 0.47943 0.64422 0.78333 0.89121 0.96356 0.99749 0.99166 0.9463 0.86321 0.74571 0.59847 0.42738 0.23925 0.041581 -0.15775 -0.35078 -0.52984 -0.68777 -0.81828 -0.91617 -0.97753 -0.99992 -0.98245 -0.92581 -0.83227 -0.70554 -0.55069 -0.37388 -0.18216 0.016814 0.21512 0.40485 0.57844 0.72897 0.85044 0.938 0.98817 0.99894 0.96989
-0.099833 0.099833 0.29552 0.47943 0.64422 0.78333 0.89121 0.96356 0.99749 0.99166 0.9463 0.86321 0.74571 0.59847 0.42738 0.23925 0.041581 -0.15775 -0.35078 -0.52984 -0.68777 -0.81828 -0.91617 -0.97753 -0.99992 -0.98245 -0.92581 -0.83227 -0.70554 -0.55069 -0.37388 -0.18216 0.016814 0.21512 0.40485 0.57844 0.72897 0.85044 0.938 0.98817 0.99894 0.96989
-0.099833 0.099833 0.29552 0.47943 0.64422 0.78333 0.89121 0.96356 0.99749 0.99166 0.9463 0.86321 0.74571 0.59847 0.42738 0.23925 0.041581 -0.15775 -0.35078 -0.52984 -0.68777 -0.81828 -0.91617 -0.97753 -0.99992 -0.98245 -0.92581 -0.83227 -0.70554 -0.55069 -0.37388 -0.18216 0.016814 0.21512 0.40485 0.57844 0.72897 0.85044 0.938 0.98817 0.99894 0.96989
-0.099833 0.099833 0.29552 0.47943 0.64422 0.78333 0.89121 0.96356 0.99749 0.99166 0.9463 0.86321 0.74571 0.59847 0.42738 0.23925 0.041581 -0.15775 -0.35078 -0.52984 -0.68777 -0.81828 -0.91617 -0.97753 -0.99992 -0.98245 -0.92581 -0.83227 -0.70554 -0.55069 -0.37388 -0.18216 0.016814 0.21512 0.40485 0.57844 0.72897 0.85044 0.938 0.98817 0.99894 0.96989
-0.099833 0.099833 0.29552 0.47943 0.64422 0.78333 0.89121 0.96356 0.99749 0.99166 0.9463 0.86321 0.74571 0.59847 0.42738 0.23925 0.041581 -0.15775 -0.35078 -0.52984 -0.68777 -0.81828 -0.91617 -0.97753 -0.99992 -0.98245 -0.92581 -0.83227 -0.70554 -0.55069 -0.37388 -0.18216 0.016814 0.21512 0.40485 0.57844 0.72897 0.85044 0.938 0.98817 0.99894 0.96989
-0.099833 0.099833 0.29552 0.47943 0.64422 0.78333 0.89121 0.96356 0.99749 0.99166 0.9463 0.86321 0.74571 0.59847 0.42738 0.23925 0.041581 -0.15775 -0.35078 -0.52984 -0.68777 -0.81828 -0.91617 -0.97753 -0.99992 -0.98245 -0.92581 -0.83227 -0.70554 -0.55069 -0.37388 -0.18216 0.016814 0.21512 0.40485 0.57844 0.72897 0.85044 0.938 0.98817 0.99894 0.96989
-0.099833 0.099833 0.29552 0.47943 0.64422 0.78333 0.89121 0.96356 0.99749 0.99166 0.9463 0.86321 0.74571 0.59847 0.42738 0.23925 0.041581 -0.15775 -0.35078 -0.52984 -0.68777 -0.81828 -0.91617 -0.97753 -0.99992 -0.98245 -0.92581 -0.83227 -0.70554 -0.55069 -0.37388 -0.18216 0.016814 0.21512 0.40485 0.57844 0.72897 0.85044 0.938 0.98817 0.99894 0.96989
-0.099833 0.099833 0.29552 0.47943 0.64422 0.78333 0.89121 0.96356 0.99749 0.99166 0.9463 0.86321 0.74571 0.59847 0.42738 0.23925 0.041581 -0.15775 -0.35078 -0.52984 -0.68777 -0.81828 -0.91617 -0.97753 -0.99992 -0.98245 -0.92581 -0.83227 -0.70554 -0.55069 -0.37388 -0.18216 0.016814 0.21512 0.40485 0.57844 0.72897 0.85044 0.938 0.98817 0.99894 0.96989
-0.099833 0.099833 0.29552 0.47943 0.64422 0.78333 0.89121 0.96356 0.99749 0.99166 0.9463 0.86321 0.74571 0.59847 0.42738 0.23925 0.041581 -0.15775 -0.35078 -0.52984 -0.68777 -0.81828 -0.91617 -0.97753 -0.99992 -0.98245 -0.92581 -0.83227 -0.70554 -0.55069 -0.37388 -0.18216 0.016814 0.21512 0.40485 0.57844 0.72897 0.85044 0.938 0.98817 0.99894 0.96989
-0.099833 0.099833 0.29552 0.47943 0.64422 0.78333 0.89121 0.96356 0.99749 0.99166 0.9463 0.86321 0.74571 0.59847 0.42738 0.23925 0.041581 -0.15775 -0.35078 -0.52984 -0.68777 -0.81828 -0.91617 -0.97753 -0.99992 -0.98245 -0.92581 -0.83227 -0.70554 -0.55069 -0.37388 -0.18216 0.016814 0.21512 0.40485 0.57844 0.72897 0.85044 0.938 0.98817 0.99894 0.96989
-0.099833 0.099833 0.29552 0.47943 0.64422 0.78333 0.89121 0.96356 0.99749 0.99166 0.9463 0.86321 0.74571 0.59847 0.42738 0.23925 0.041581 -0.15775 -0.35078 -0.52984 -0.68777 -0.81828 -0.91617 -0.97753 -0.99992 -0.98245 -0.92581 -0.83227 -0.70554 -0.55069 -0.37388 -0.18216 0.016814 0.21512 0.40485 0.57844 0.72897 0.85044 0.938 0.98817 0.99894 0.96989
-0.099833 0.099833 0.29552 0.47943 0.64422 0.78333 0.89121 0.96356 0.99749 0.99166 0.9463 0.86321 0.74571 0.59847 0.42738 0.23925 0.041581 -0.15775 -0.35078 -0.52984 -0.68777 -0.81828 -0.91617 -0.97753 -0.99992 -0.98245 -0.92581 -0.83227 -0.70554 -0.55069 -0.37388 -0.18216 0.016814 0.21512 0.40485 0.57844 0.72897 0.85044 0.938 0.98817 0.99894 0.96989
-0.099833 0.099833 0.29552 0.47943 0.64422 0.78333 0.89121 0.96356 0.99749 0.99166 0.9463 0.86321 0.74571 0.59847 0.42738 0.23925 0.041581 -0.15775 -0.35078 -0.52984 -0.68777 -0.81828 -0.91617 -0.97753 -0.99992 -0.98245 -0.92581 -0.83227 -0.70554 -0.55069 -0.37388 -0.18216 0.016814 0.21512 0.40485 0.57844 0.72897 0.85044 0.938 0.98817 0.99894 0.96989
-0.099833 0.099833 0.29552 0.47943 0.64422 0.78333 0.89121 0.96356 0.99749 0.99166 0.9463 0.86321 0.74571 0.59847 0.42738 0.23925 0.041581 -0.15775 -0.35078 -0.52984 -0.68777 -0.81828 -0.91617 -0.97753 -0.99992 -0.98245 -0.92581 -0.83227 -0.70554 -0.55069 -0.37388 -0.18216 0.016814 0.21512 0.40485 0.57844 0.72897 0.85044 0.938 0.98817 0.99894 0.96989
-0.099833 0.099833 0.29552 0.47943 0.64422 0.78333 0.89121 0.96356 0.99749 0.99166 0.9463 0.86321 0.74571 0.59847 0.42738 0.23925 0.041581 -0.15775 -0.35078 -0.52984 -0.68777 -0.81828 -0.91617 -0.97753 -0.99992 -0.98245 -0.92581 -0.83227 -0.70554 -0.55069 -0.37388 -0.18216 0.016814 0.21512 0.40485 0.57844 0.72897 0.85044 0.938 0.98817 0.99894 0.96989
-0.099833 0.099833 0.29552 0.47943 0.64422 0.78333 0.89121 0.96356 0.99749 0.99166 0.9463 0.86321 0.74571 0.59847 0.42738 0.23925 0.041581 -0.15775 -0.35078 -0.52984 -0.68777 -0.81828 -0.91617 -0.97753 -0.99992 -0.98245 -0.92581 -0.83227 -0.70554 -0.55069 -0.37388 -0.18216 0.016814 0.21512 0.40485 0.57844 0.72897 0.85044 0.938 0.98817 0.99894 0.96989
-0.099833 0.099833 0.29552 0.47943 0.64422 0.78333 0.89121 0.96356 0.99749 0.99166 0.9463 0.86321 0.74571 0.59847 0.42738 0.23925 0.041581 -0.15775 -0.35078 -0.52984 -0.68777 -0.81828 -0.91617 -0.97753 -0.99992 -0.98245 -0.92581 -0.83227 -0.70554 -0.55069 -0.37388 -0.18216 0.016814 0.21512 0.40485 0.57844 0.72897 0.85044 0.938 0.98817 0.99894 0.96989
-0.099833 0.099833 0.29552 0.47943 0.64422 0.78333 0.89121 0.96356 0.99749 0.99166 0.9463 0.86321 0.74571 0.59847 0.42738 0.23925 0.041581 -0.15775 -0.35078 -0.52984 -0.68777 -0.81828 -0.91617 -0.97753 -0.99992 -0.98245 -0.92581 -0.83227 -0.70554 -0.55069 -0.37388 -0.18216 0.016814 0.21512 0.40485 0.57844 0.72897 0.85044 0.938 0.98817 0.99894 0.96989
-0.099833 0.099833 0.29552 0.47943 0.64422 0.78333 0.89121 0.96356 0.99749 0.99166 0.9463 0.86321 0.74571 0.59847 0.42738 0.23925 0.041581 -0.15775 -0.35078 -0.52984 -0.68777 -0.81828 -0.91617 -0.97753 -0.99992 -0.98245 -0.92581 -0.83227 -0.70554 -0.55069 -0.37388 -0.18216 0.016814 0.21512 0.40485 0.57844 0.72897 0.85044 0.938 0.98817 0.99894 0.96989
-0.099833 0.099833 0.29552 0.47943 0.64422 0.78333 0.89121 0.96356 0.99749 0.99166 0.9463 0.86321 0.74571 0.59847 0.42738 0.23925 0.041581 -0.15775 -0.35078 -0.52984 -0.68777 -0.81828 -0.91617 -0.97753 -0.99992 -0.98245 -0.92581 -0.83227 -0.70554 -0.55069 -0.37388 -0.18216 0.016814 0.21512 0.40485 0.57844 0.72897 0.85044 0.938 0.98817 0.99894 0.96989
-0.099833 0.099833 0.29552 0.47943 0.64422 0.78333 0.89121 0.96356 0.99749 0.99166 0.9463 0.86321 0.74571 0.59847 0.42738 0.23925 0.041581 -0.15775 -0.35078 -0.52984 -0.68777 -0.81828 -0.91617 -0.97753 -0.99992 -0.98245 -0.92581 -0.83227 -0.70554 -0.55069 -0.37388 -0.18216 0.016814 0.21512 0.40485 0.57844 0.72897 0.85044 0.938 0.98817 0.99894 0.96989
-0.099833 0.099833 0.29552 0.47943 0.64422 0.78333 0.89121 0.96356 0.99749 0.99166 0.9463 0.86321 0.74571 0.59847 0.42738 0.23925 0.041581 -0.15775 -0.35078 -0.52984 -0.68777 -0.81828 -0.91617 -0.97753 -0.99992 -0.98245 -0.92581 -0.83227 -0.70554 -0.55069 -0.37388 -0.18216 0.016814 0.21512 0.40485 0.57844 0.72897 0.85044 0.938 0.98817 0.99894 0.96989
-0.099833 0.099833 0.29552 0.47943 0.64422 0.78333 0.89121 0.96356 0.99749 0.99166 0.9463 0.86321 0.74571 0.59847 0.42738 0.23925 0.041581 -0.15775 -0.35078 -0.52984 -0.68777 -0.81828 -0.91617 -0.97753 -0.99992 -0.98245 -0.92581 -0.83227 -0.70554 -0.55069 -0.37388 -0.18216 0.016814 0.21512 0.40485 0.57844 0.72897 0.85044 0.938 0.98817 0.99894 0.96989
-0.099833 0.099833 0.29552 0.47943 0.64422 0.78333 0.89121 0.96356 0.99749 0.99166 0.9463 0.86321 0.74571 0.59847 0.42738 0.23925 0.041581 -0.15775 -0.35078 -0.52984 -0.68777 -0.81828 -0.91617 -0.97753 -0.99992 -0.98245 -0.92581 -0.83227 -0.70554 -0.55069 -0.37388 -0.18216 0.016814 0.21512 0.40485 0.57844 0.72897 0.85044 0.938 0.98817 0.99894 0.96989
-0.099833 0.099833 0.29552 0.47943 0.64422 0.78333 0.89121 0.96356 0.99749 0.99166 0.9463 0.86321 0.74571 0.59847 0.42738 0.23925 0.041581 -0.15775 -0.35078 -0.52984 -0.68777 -0.81828 -0.91617 -0.97753 -0.99992 -0.98245 -0.92581 -0.83227 -0.70554 -0.55069 -0.37388 -0.18216 0.016814 0.21512 0.40485 0.57844 0.72897 0.85044 0.938 0.98817 0.99894 0.96989
-0.099833 0.099833 0.29552 0.47943 0.64422 0.78333 0.89121 0.96356 0.99749 0.99166 0.9463 0.86321 0.74571 0.59847 0.42738 0.23925 0.041581 -0.15775 -0.35078 -0.52984 -0.68777 -0.81828 -0.91617 -0.97753 -0.99992 -0.98245 -0.92581 -0.83227 -0.70554 -0.55069 -0.37388 -0.18216 0.016814 0.21512 0.40485 0.57844 0.72897 0.85044 0.938 0.98817 0.99894 0.96989
-0.099833 0.099833 0.29552 0.47943 0.64422 0.78333 0.89121 0.96356 0.99749 0.99166 0.9463 0.86321 0.74571 0.59847 0.42738 0.23925 0.041581 -0.15775 -0.35078 -0.52984 -0.68777 -0.81828 -0.91617 -0.97753 -0.99992 -0.98245 -0.92581 -0.83227 -0.70554 -0.55069 -0.37388 -0.18216 0.016814 0.21512 0.40485 0.57844 0.72897 0.85044 0.938 0.98817 0.99894 0.96989
-0.099833 0.099833 0.29552 0.47943 0.64422 0.78333 0.89121 0.96356 0.99749 0.99166 0.9463 0.86321 0.74571 0.59847 0.42738 0.23925 0.041581 -0.15775 -0.35078 -0.52984 -0.68777 -0.81828 -0.91617 -0.97753 -0.99992 -0.98245 -0.92581 -0.83227 -0.70554 -0.55069 -0.37388 -0.18216 0.016814 0.21512 0.40485 0.57844 0.72897 0.85044 0.938 0.98817 0.99894 0.96989
-0.099833 0.099833 0.29552 0.47943 0.64422 0.78333 0.89121 0.96356 0.99749 0.99166 0.9463 0.86321 0.74571 0.59847 0.42738 0.23925 0.041581 -0.15775 -0.35078 -0.52984 -0.68777 -0.81828 -0.91617 -0.97753 -0.99992 -0.98245 -0.92581 -0.83227 -0.70554 -0.55069 -0.37388 -0.18216 0.016814 0.21512 0.40485 0.57844 0.72897 0.85044 0.938 0.98817 0.99894 0.96989
